Gene	log2FoldChange	pvalue	padj
hsa-miR-483-3p	-5.269809802	1.50E-09	6.14E-07
hsa-miR-125a-5p	-3.256831908	1.04E-08	2.14E-06
hsa-miR-204-5p	-6.599114079	1.60E-08	2.19E-06
hsa-miR-16-2-3p	4.157294356	6.44E-08	6.60E-06
hsa-miR-497-5p	-3.320390446	1.78E-07	1.28E-05
hsa-miR-381-3p	-4.058373701	1.87E-07	1.28E-05
hsa-miR-20b-5p	3.886138507	2.93E-07	1.71E-05
hsa-miR-451a	5.510048449	3.66E-07	1.88E-05
hsa-miR-433-3p	-4.718453512	4.53E-07	2.06E-05
hsa-miR-18b-5p	3.933859089	5.42E-07	2.08E-05
hsa-miR-199b-5p	-3.547715965	6.05E-07	2.08E-05
hsa-miR-144-3p	6.839786626	6.10E-07	2.08E-05
hsa-miR-363-3p	4.294227331	7.66E-07	2.30E-05
hsa-miR-145-5p	-4.656112459	8.13E-07	2.30E-05
hsa-miR-411-5p	-3.966937914	8.61E-07	2.30E-05
hsa-miR-139-5p	-3.748272968	8.99E-07	2.30E-05
hsa-miR-133a-3p	-6.032044427	1.52E-06	3.67E-05
hsa-miR-125b-5p	-3.474113877	1.94E-06	4.43E-05
hsa-miR-144-5p	5.14782236	2.07E-06	4.46E-05
hsa-miR-337-3p	-3.305749015	4.30E-06	8.82E-05
hsa-miR-125b-1-3p	-4.529541565	4.68E-06	9.09E-05
hsa-miR-127-5p	-3.819521506	4.89E-06	9.09E-05
hsa-miR-199a-3p	-2.875718593	5.10E-06	9.09E-05
hsa-miR-199b-3p	-2.860028195	5.62E-06	9.60E-05
hsa-miR-654-3p	-2.911893567	6.41E-06	0.000104043
hsa-miR-299-5p	-3.362892614	6.60E-06	0.000104043
hsa-miR-328-3p	-3.820055367	7.33E-06	0.000111362
hsa-miR-130a-3p	-2.453834433	1.71E-05	0.000250659
hsa-miR-154-5p	-3.446073185	1.80E-05	0.000254443
hsa-miR-199a-5p	-3.059811189	1.95E-05	0.000266809
hsa-miR-381-5p	-4.106691782	3.43E-05	0.000442683
hsa-miR-337-5p	-2.971841498	3.46E-05	0.000442683
hsa-miR-887-3p	-3.430501657	3.98E-05	0.000493915
hsa-miR-486-5p	4.692904357	4.91E-05	0.000588036
hsa-miR-379-5p	-3.115964097	5.09E-05	0.000588036
hsa-miR-15b-3p	3.006564824	5.16E-05	0.000588036
hsa-miR-149-5p	-2.16967108	5.42E-05	0.000601052
hsa-miR-15b-5p	2.928752894	5.85E-05	0.000631544
hsa-miR-195-5p	-3.217218239	6.66E-05	0.000700633
hsa-miR-136-3p	-3.037968853	8.25E-05	0.000827264
hsa-miR-106b-5p	2.47248763	8.27E-05	0.000827264
hsa-miR-96-5p	2.593199832	9.99E-05	0.000970294
hsa-miR-106a-5p	2.587352441	0.000101763	0.000970294
hsa-miR-656-3p	-3.091713829	0.00011407	0.001062928
hsa-miR-369-5p	-3.115566319	0.0001248	0.001116117
hsa-miR-214-3p	-3.0296726	0.000125223	0.001116117
hsa-miR-196a-5p	3.378532068	0.000143851	0.001254869
hsa-miR-487b-3p	-2.911614688	0.000179098	0.001529799
hsa-miR-299-3p	-3.026649089	0.000198459	0.001660573
hsa-miR-224-5p	2.71289657	0.000246889	0.002024486
hsa-miR-218-5p	-3.404109794	0.000261329	0.002100883
hsa-miR-409-3p	-2.83177717	0.000289091	0.002247866
hsa-miR-382-5p	-2.712004696	0.000290578	0.002247866
hsa-miR-655-3p	-3.207585604	0.000317166	0.002408109
hsa-miR-424-3p	-2.490041209	0.000327445	0.002440954
hsa-miR-145-3p	-3.915051281	0.00039166	0.002860846
hsa-miR-574-3p	-1.940240025	0.000407523	0.002860846
hsa-miR-33b-5p	2.778029821	0.000409425	0.002860846
hsa-miR-154-3p	-2.85899709	0.000411683	0.002860846
hsa-miR-136-5p	-3.139810779	0.000422657	0.002888153
hsa-miR-376a-3p	-2.951353099	0.000491159	0.003301236
hsa-miR-376c-3p	-3.095600569	0.000514823	0.003404478
hsa-miR-21-5p	2.29757118	0.000596357	0.003881051
hsa-miR-99b-5p	-1.954502689	0.000611863	0.003919745
hsa-miR-423-3p	-1.656084748	0.000680951	0.004295231
hsa-miR-329-3p	-2.621697414	0.000694667	0.004315357
hsa-miR-942-5p	4.270715893	0.00071913	0.004400647
hsa-miR-4492	-3.7575137	0.00073884	0.004413001
hsa-miR-494-3p	-2.634698114	0.000742676	0.004413001
hsa-miR-424-5p	-2.440909126	0.000759249	0.004447031
hsa-miR-1	-3.689126575	0.000809312	0.004651614
hsa-let-7b-3p	-2.187555729	0.000816869	0.004651614
hsa-miR-18a-5p	2.332962491	0.000900386	0.005056961
hsa-miR-582-3p	3.133104049	0.000947346	0.00524881
hsa-miR-20a-5p	2.081788831	0.000964469	0.00527243
hsa-miR-19b-1-5p	2.277675385	0.001005688	0.005377424
hsa-miR-376a-5p	-2.46685452	0.001009906	0.005377424
hsa-miR-455-3p	-2.233411683	0.001129602	0.00593765
hsa-miR-93-5p	1.864663231	0.001242862	0.006399388
hsa-miR-29b-2-5p	-2.13774076	0.001248661	0.006399388
hsa-miR-10b-5p	-2.165776449	0.00128007	0.006479366
hsa-miR-585-3p	-2.838997165	0.00132778	0.006638901
hsa-miR-32-5p	2.440785884	0.00153477	0.007581394
hsa-miR-504-5p	-2.732405351	0.00162578	0.007800324
hsa-miR-21-3p	2.303295737	0.001629354	0.007800324
hsa-miR-26a-5p	-1.814122816	0.001636166	0.007800324
hsa-miR-15a-5p	2.351324265	0.001694975	0.007910304
hsa-miR-1296-5p	-3.231441932	0.001709252	0.007910304
hsa-miR-185-5p	2.505725618	0.001717115	0.007910304
hsa-miR-143-5p	-3.341644892	0.001799571	0.008198047
hsa-miR-134-5p	-2.692604775	0.001822466	0.008211112
hsa-miR-624-5p	3.543627302	0.001919033	0.008552214
hsa-miR-485-3p	-2.575265389	0.001977785	0.008719268
hsa-miR-124-3p	-3.196127865	0.002090686	0.009118949
hsa-miR-19a-3p	2.174403046	0.002140573	0.009238262
hsa-miR-223-3p	3.386313853	0.002169044	0.009263625
hsa-miR-1249	-3.287282403	0.002206425	0.009326125
hsa-miR-376b-3p	-2.503505955	0.002357058	0.009861162
hsa-miR-150-5p	-2.709634807	0.00243476	0.010083349
hsa-miR-483-5p	-2.769695689	0.002500682	0.010252794
hsa-miR-99a-5p	-2.572288126	0.002598183	0.010547079
hsa-miR-135b-5p	2.558746146	0.002742755	0.011024799
hsa-miR-3656	-2.63188891	0.003254349	0.012954207
hsa-miR-495-3p	-2.35917291	0.003624052	0.014287127
hsa-miR-582-5p	2.0648147	0.003829733	0.014954195
hsa-miR-132-5p	-2.18739966	0.003932207	0.015209481
hsa-miR-132-3p	-1.990441415	0.004106447	0.015734983
hsa-let-7c-5p	-2.142791929	0.004152557	0.015764338
hsa-miR-193a-5p	-1.759963773	0.00424117	0.01587836
hsa-miR-100-5p	-3.030421962	0.004260048	0.01587836
hsa-miR-143-3p	-2.892557312	0.004524228	0.016711112
hsa-miR-425-5p	1.822642012	0.004595748	0.016728188
hsa-miR-409-5p	-2.309497724	0.004610452	0.016728188
hsa-miR-25-3p	1.760526452	0.004813246	0.017203497
hsa-miR-19b-3p	1.845549602	0.004825371	0.017203497
hsa-miR-323a-3p	-2.41343654	0.004965897	0.017551877
hsa-miR-127-3p	-2.610022461	0.005266324	0.018454641
hsa-miR-17-5p	1.699938412	0.005542824	0.019219084
hsa-miR-20a-3p	2.185993915	0.005580283	0.019219084
hsa-miR-214-5p	-2.128933576	0.005625098	0.019219084
hsa-miR-7641	-2.575739497	0.005715753	0.019367429
hsa-miR-200c-3p	1.772380514	0.006121694	0.020419188
hsa-miR-30a-3p	-2.153664936	0.006125756	0.020419188
hsa-miR-29c-5p	-1.600828552	0.006285553	0.020782876
hsa-miR-125b-2-3p	-2.363054269	0.006966585	0.022850399
hsa-miR-142-3p	2.638348196	0.007299188	0.023751325
hsa-miR-205-5p	1.88177083	0.007987404	0.025699453
hsa-miR-4485	-2.443701368	0.008023244	0.025699453
hsa-miR-196b-5p	-1.612326609	0.008394774	0.026681066
hsa-miR-141-3p	2.210927338	0.008556295	0.026985239
hsa-let-7e-3p	-1.897986717	0.008968563	0.028069549
hsa-miR-190a-3p	-1.922820787	0.009110891	0.02829898
hsa-miR-126-5p	-1.894033929	0.011193552	0.034506438
hsa-miR-212-3p	-1.648448345	0.011426642	0.034784078
hsa-miR-4286	-1.658248071	0.011453294	0.034784078
hsa-miR-503-5p	-1.801100418	0.011730342	0.035202426
hsa-miR-125a-3p	-1.897159464	0.011762762	0.035202426
hsa-miR-1306-5p	-1.961048955	0.012000596	0.035653946
hsa-let-7e-5p	-1.542628766	0.012316562	0.036075422
hsa-miR-27a-3p	1.535790167	0.012318437	0.036075422
hsa-miR-550a-3p	1.668962842	0.013151053	0.038217303
hsa-miR-455-5p	-2.037675223	0.013236237	0.038217303
hsa-miR-106b-3p	1.56133967	0.01361767	0.039043668
hsa-miR-23c	-2.086922335	0.013889856	0.03944402
hsa-miR-210-3p	1.693850642	0.013949714	0.03944402
hsa-miR-1260b	-1.311985036	0.015744372	0.044213647
hsa-miR-542-5p	-1.863011448	0.016411407	0.045773312
hsa-miR-205-3p	2.248508523	0.01719682	0.04763984
hsa-miR-497-3p	-2.203791463	0.018700364	0.051333148
hsa-miR-28-3p	-1.652097367	0.018827988	0.051333148
hsa-miR-675-3p	-2.098178993	0.018905623	0.051333148
hsa-miR-16-5p	1.592382625	0.019287571	0.052025686
hsa-miR-142-5p	2.213728074	0.021382476	0.057299447
hsa-miR-135a-5p	-2.703977582	0.022203631	0.059113562
hsa-miR-29c-3p	-1.366024151	0.023267678	0.061546762
hsa-miR-101-5p	-1.519829209	0.024460755	0.063892974
hsa-miR-200a-3p	1.81389971	0.024466334	0.063892974
hsa-miR-1260a	-1.221439558	0.024989787	0.06468666
hsa-miR-29a-3p	-1.540214452	0.025371994	0.06468666
hsa-miR-5100	-1.709202377	0.025388806	0.06468666
hsa-miR-543	-1.824423002	0.025401347	0.06468666
hsa-miR-99a-3p	-1.912599235	0.026109724	0.066080167
hsa-miR-342-5p	-1.392115346	0.026460017	0.066555871
hsa-let-7b-5p	-1.279959657	0.028523945	0.071309863
hsa-miR-140-3p	-1.44708471	0.029077839	0.072254023
hsa-miR-31-5p	2.162606341	0.029978136	0.073674731
hsa-miR-3910	-1.960703294	0.030008976	0.073674731
hsa-miR-182-5p	1.730482658	0.030652041	0.074805576
hsa-miR-15a-3p	1.877416303	0.031422113	0.076127129
hsa-miR-99b-3p	-1.74890862	0.031564907	0.076127129
hsa-miR-335-3p	1.596073531	0.032988668	0.079041361
hsa-miR-107	1.293846801	0.033158815	0.079041361
hsa-miR-29a-5p	-1.47293739	0.03352262	0.079446672
hsa-miR-183-3p	1.91377133	0.033839074	0.07973575
hsa-miR-320b	-1.109900858	0.035467597	0.083095512
hsa-miR-320a	-1.034068348	0.036133261	0.084174073
hsa-miR-330-5p	2.225793593	0.036489454	0.08431945
hsa-miR-652-5p	1.367280376	0.036752285	0.08431945
hsa-miR-301a-3p	1.401655657	0.036812638	0.08431945
hsa-miR-576-5p	1.853461307	0.037342043	0.085056875
hsa-miR-378a-3p	-1.421756484	0.039322709	0.089073539
hsa-miR-17-3p	1.070378937	0.040127772	0.089742828
hsa-miR-1180-3p	-1.571419524	0.04013335	0.089742828
hsa-miR-126-3p	-1.557470064	0.040312118	0.089742828
hsa-miR-361-5p	-1.189462332	0.040493715	0.089742828
hsa-miR-1247-5p	-2.064669058	0.041002891	0.090382716
hsa-miR-411-3p	-1.811643484	0.044411302	0.097372374
hsa-miR-28-5p	-1.355271696	0.046277321	0.10054407
hsa-miR-450a-5p	-1.47359434	0.046348364	0.10054407
hsa-miR-664b-3p	-1.528374189	0.047278391	0.101538452
hsa-miR-338-3p	1.794769063	0.047302059	0.101538452
hsa-miR-33a-3p	1.238768533	0.047957044	0.10240827
hsa-miR-4508	-2.001589117	0.049491671	0.105137746
hsa-miR-454-3p	1.170678634	0.050463738	0.106650167
hsa-miR-296-5p	-1.593993473	0.052333537	0.109491734
hsa-miR-377-3p	-1.778427048	0.052441389	0.109491734
hsa-miR-365a-3p	-1.289791227	0.052876496	0.109491734
hsa-miR-365b-3p	-1.289791227	0.052876496	0.109491734
hsa-miR-551b-3p	-1.388261203	0.055258476	0.113849121
hsa-miR-193b-3p	-1.408610636	0.056728565	0.116293558
hsa-miR-34c-5p	1.731269082	0.057498312	0.117285114
hsa-miR-30a-5p	-1.084924045	0.061928409	0.125696276
hsa-miR-194-5p	1.478703374	0.06433288	0.129933402
hsa-miR-200b-5p	1.53092532	0.064684098	0.130002353
hsa-miR-429	1.604055124	0.06522373	0.13044746
hsa-miR-141-5p	1.505141844	0.066013581	0.131386254
hsa-miR-3607-5p	-1.772063326	0.067097924	0.132866664
hsa-miR-29b-3p	-1.258827008	0.067446129	0.132866664
hsa-miR-331-3p	-1.317914513	0.067729592	0.132866664
hsa-miR-183-5p	1.407039874	0.069222546	0.13514878
hsa-miR-542-3p	-1.472163138	0.070446183	0.136885948
hsa-miR-664a-5p	-1.391406858	0.071456931	0.138195009
hsa-miR-200a-5p	1.317660815	0.082953141	0.159675061
hsa-miR-34b-5p	1.317714189	0.08370983	0.160378646
hsa-miR-1185-1-3p	-1.600337621	0.088184277	0.168165365
hsa-miR-200b-3p	1.229547925	0.09023864	0.171286308
hsa-miR-23b-3p	-0.985711146	0.095812392	0.181028022
hsa-miR-450b-5p	-1.210788384	0.098574847	0.185393061
hsa-miR-376c-5p	-1.368829021	0.104758791	0.196123765
hsa-miR-148b-3p	0.960258891	0.108954928	0.202838957
hsa-miR-3960	-1.391545573	0.109335145	0.202838957
hsa-miR-1307-5p	1.113667178	0.11018622	0.203484223
hsa-miR-378a-5p	-1.115880014	0.110939342	0.203484223
hsa-miR-452-5p	1.324530437	0.111294452	0.203484223
hsa-miR-197-3p	-0.970958476	0.111668171	0.203484223
hsa-miR-493-5p	-1.47480366	0.114127418	0.206607387
hsa-miR-744-5p	-1.05449193	0.114389943	0.206607387
hsa-miR-148b-5p	1.365991352	0.115800159	0.208105186
hsa-miR-9-3p	1.393956303	0.11623436	0.208105186
hsa-miR-766-3p	-1.266047824	0.1167935	0.208197109
hsa-miR-1248	-1.087099911	0.120550093	0.213823996
hsa-let-7d-3p	-1.13392881	0.12099309	0.213823996
hsa-miR-361-3p	-0.871416264	0.125920092	0.221576127
hsa-miR-376b-5p	-1.280675218	0.128383283	0.224945069
hsa-miR-148a-5p	-1.318449522	0.130863683	0.227887727
hsa-miR-629-5p	1.12001815	0.131174399	0.227887727
hsa-miR-342-3p	-0.804803221	0.136509428	0.236155551
hsa-miR-3613-5p	1.331695938	0.144554238	0.249022007
hsa-miR-103a-3p	0.814530515	0.154393816	0.264859684
hsa-miR-7977	-1.275670665	0.15597091	0.266450304
hsa-miR-23a-5p	-1.365294996	0.158684773	0.269961648
hsa-miR-877-3p	-1.507779273	0.160986346	0.271763915
hsa-miR-7704	-1.487988473	0.161069832	0.271763915
hsa-miR-181c-3p	-1.054942734	0.162071314	0.272332945
hsa-miR-130b-5p	1.107557924	0.164306664	0.274962172
hsa-miR-34a-5p	-0.843783699	0.165218799	0.275364665
hsa-miR-378i	-1.174021838	0.166330665	0.276095437
hsa-miR-26b-5p	-0.903736058	0.171492635	0.28351605
hsa-miR-664a-3p	-0.723636554	0.172253498	0.283630258
hsa-miR-92a-3p	0.807455158	0.175009851	0.286752122
hsa-miR-30d-5p	-0.619034996	0.17554825	0.286752122
hsa-miR-152-3p	-0.945413396	0.177246786	0.288377708
hsa-miR-23b-5p	-0.977692799	0.178616162	0.288706901
hsa-miR-191-5p	-0.74237547	0.178857446	0.288706901
hsa-miR-505-3p	-0.680851782	0.180296023	0.289887723
hsa-miR-374b-5p	-0.788084639	0.183969637	0.294638872
hsa-miR-326	-1.082481011	0.185457437	0.29586595
hsa-miR-193b-5p	-1.071840766	0.187558135	0.296437876
hsa-miR-130b-3p	0.828673747	0.187664106	0.296437876
hsa-miR-362-3p	0.976103623	0.187984994	0.296437876
hsa-miR-196b-3p	-1.075612119	0.190343118	0.298515604
hsa-miR-29b-1-5p	-0.998505514	0.190924831	0.298515604
hsa-miR-769-5p	-0.922266479	0.191537544	0.298515604
hsa-miR-26b-3p	-0.843205859	0.192620185	0.298515604
hsa-miR-1277-5p	1.201426151	0.193218355	0.298515604
hsa-miR-33a-5p	0.87739759	0.193671099	0.298515604
hsa-miR-1287-5p	-1.019028243	0.194641219	0.298887265
hsa-miR-4284	-1.181933861	0.199394362	0.305043613
hsa-miR-505-5p	-0.91342211	0.20724208	0.315870828
hsa-miR-4532	-1.067270206	0.209781048	0.318556406
hsa-miR-502-3p	-0.790094134	0.210938409	0.31913191
hsa-miR-4488	1.431589635	0.217410875	0.327714921
hsa-miR-181d-5p	-1.093689281	0.218763331	0.328545662
hsa-miR-449a	1.01573786	0.221318622	0.3311702
hsa-miR-4429	-0.880284268	0.228617962	0.340848597
hsa-miR-151a-3p	0.662869374	0.23740436	0.352665897
hsa-miR-375	-0.983034877	0.238380701	0.35283786
hsa-miR-708-5p	-0.935419482	0.24100993	0.3554463
hsa-miR-140-5p	-0.755409485	0.248132454	0.36463909
hsa-miR-340-5p	0.778109435	0.250120932	0.366248508
hsa-miR-151a-5p	-0.650445431	0.254923657	0.369533656
hsa-miR-1246	1.599345209	0.255016388	0.369533656
hsa-miR-362-5p	0.830295048	0.255068352	0.369533656
hsa-miR-224-3p	0.775044485	0.262907625	0.379549741
hsa-miR-34a-3p	-0.722860611	0.264558626	0.380593111
hsa-miR-532-3p	-0.848132592	0.270327934	0.386760916
hsa-miR-24-2-5p	0.82682091	0.270732641	0.386760916
hsa-miR-31-3p	0.976608261	0.271963677	0.387170512
hsa-miR-3909	-0.820554629	0.274877668	0.389964858
hsa-miR-660-5p	0.646702185	0.276646155	0.391120426
hsa-miR-3065-5p	0.954739573	0.278867412	0.392893965
hsa-let-7a-5p	-0.679560441	0.279997612	0.392893965
hsa-miR-423-5p	-0.729198172	0.280775443	0.392893965
hsa-miR-598-3p	0.754177851	0.284274398	0.396437085
hsa-miR-425-3p	0.779042593	0.28658324	0.398302131
hsa-miR-30c-1-3p	-1.005006109	0.291538018	0.403819553
hsa-miR-92b-5p	-0.89945351	0.307286015	0.42419955
hsa-miR-489-3p	-0.858112287	0.309911687	0.426388563
hsa-miR-193a-3p	0.531123522	0.31451525	0.431275092
hsa-miR-222-5p	0.904278792	0.323215747	0.441618574
hsa-miR-331-5p	-0.733161641	0.324212661	0.441618574
hsa-miR-181b-5p	-0.490642652	0.331523377	0.448642462
hsa-miR-24-3p	-0.603412044	0.331557722	0.448642462
hsa-miR-769-3p	-0.7922774	0.359543879	0.484911153
hsa-miR-34b-3p	0.83215879	0.368924518	0.494009613
hsa-miR-500a-3p	-0.546100843	0.369031007	0.494009613
hsa-miR-744-3p	-0.806028182	0.369904759	0.494009613
hsa-miR-619-5p	-0.702595755	0.371785747	0.494909599
hsa-miR-22-3p	0.52773914	0.389121632	0.516310256
hsa-miR-320c	-0.524740352	0.391239401	0.517445659
hsa-miR-92b-3p	-0.66564661	0.394477799	0.520051117
hsa-miR-1537-3p	0.809494301	0.39579415	0.520114107
hsa-miR-7-1-3p	0.532953133	0.398345344	0.521794221
hsa-miR-3687	-0.781901902	0.404188856	0.526651915
hsa-miR-501-5p	0.730392347	0.404622813	0.526651915
hsa-miR-374a-5p	0.564570746	0.41272452	0.535497004
hsa-miR-146b-5p	0.420217271	0.416294966	0.538425665
hsa-miR-155-5p	0.46515516	0.443484582	0.571788298
hsa-miR-30b-5p	0.480653996	0.44573153	0.572883784
hsa-let-7a-3p	-0.468445982	0.449065695	0.575365422
hsa-miR-181c-5p	-0.488224888	0.451269319	0.576387604
hsa-miR-181a-3p	0.642586126	0.4625305	0.587230278
hsa-miR-421	0.485928458	0.463128358	0.587230278
hsa-miR-590-5p	-0.56715484	0.464055147	0.587230278
hsa-miR-98-5p	0.390421601	0.475973138	0.60045842
hsa-miR-148a-3p	0.59033554	0.483009385	0.607465791
hsa-miR-181a-5p	0.45851942	0.488370081	0.612329459
hsa-miR-4454	-0.447448751	0.494848796	0.618560995
hsa-miR-671-5p	-0.524196948	0.503181217	0.627064738
hsa-miR-151b	-0.360059243	0.510768671	0.634591379
hsa-let-7f-1-3p	0.435726815	0.527365397	0.653232063
hsa-miR-93-3p	0.365365557	0.531629708	0.656530664
hsa-miR-944	0.51621994	0.533908068	0.657364288
hsa-miR-378d	-0.396828534	0.538157361	0.660612329
hsa-miR-10a-5p	-0.423166824	0.543577495	0.665273949
hsa-miR-92a-1-5p	0.506056529	0.546293339	0.666607943
hsa-miR-30e-5p	0.354833357	0.551372625	0.670809425
hsa-miR-30e-3p	-0.35414685	0.562793609	0.682678639
hsa-let-7f-2-3p	-0.418287108	0.586301745	0.708015727
hsa-miR-138-5p	-0.511717303	0.587134993	0.708015727
hsa-let-7g-3p	0.376339041	0.595306001	0.715233399
hsa-miR-324-5p	-0.330500105	0.596740089	0.715233399
hsa-miR-532-5p	-0.437671319	0.598353794	0.715233399
hsa-miR-27b-5p	-0.423008366	0.608859863	0.724244517
hsa-miR-7-5p	0.481075496	0.609425264	0.724244517
hsa-miR-27a-5p	0.395260986	0.612474649	0.725096316
hsa-let-7i-5p	0.323383773	0.613679077	0.725096316
hsa-miR-2110	-0.370642257	0.620980621	0.731615099
hsa-miR-320d	-0.292060515	0.63907378	0.750774355
hsa-miR-339-5p	-0.316870453	0.644109233	0.754527959
hsa-miR-221-5p	0.324686136	0.647379171	0.756197892
hsa-miR-590-3p	0.2934618	0.650348258	0.757507914
hsa-miR-3591-3p	0.683884389	0.655440811	0.761276862
hsa-miR-339-3p	-0.333208673	0.665015054	0.770215176
hsa-miR-574-5p	-0.245298325	0.676030531	0.780767656
hsa-miR-628-5p	0.313203707	0.690722592	0.79549512
hsa-miR-629-3p	0.354928053	0.698581563	0.802292552
hsa-miR-95-3p	-0.310765239	0.704765416	0.807133577
hsa-miR-378c	-0.232493425	0.707891542	0.808455522
hsa-miR-192-5p	0.235424131	0.725506247	0.824038307
hsa-miR-188-5p	-0.297231191	0.728760392	0.824038307
hsa-miR-9-5p	0.24064782	0.729748462	0.824038307
hsa-miR-324-3p	-0.19326809	0.732125418	0.824038307
hsa-miR-3613-3p	0.243329714	0.732330187	0.824038307
hsa-miR-500b-5p	0.264902756	0.733595079	0.824038307
hsa-miR-221-3p	0.184565161	0.736885959	0.825473342
hsa-miR-335-5p	-0.228726899	0.740011277	0.826715595
hsa-miR-652-3p	0.194630311	0.756023286	0.840631514
hsa-miR-501-3p	-0.230349841	0.756568362	0.840631514
hsa-miR-22-5p	0.222937268	0.759502164	0.841610506
hsa-miR-187-3p	0.294052053	0.763223786	0.841775377
hsa-miR-627-5p	-0.262662765	0.763757171	0.841775377
hsa-miR-6087	-0.262582432	0.767223727	0.84332903
hsa-miR-4792	-0.227235778	0.784353238	0.85985248
hsa-miR-941	0.245615093	0.79040796	0.86252425
hsa-let-7g-5p	-0.168282655	0.790997849	0.86252425
hsa-miR-101-3p	0.16593114	0.794490278	0.86403452
hsa-miR-338-5p	-0.210325098	0.811108868	0.879774169
hsa-let-7i-3p	0.160645663	0.818689181	0.885653204
hsa-miR-146a-5p	0.149366123	0.824921865	0.890047275
hsa-miR-128-3p	-0.123526616	0.835676711	0.897975399
hsa-miR-625-3p	0.144552453	0.836673931	0.897975399
hsa-miR-545-3p	0.143188509	0.838840434	0.897975399
hsa-miR-1301-3p	0.124931783	0.844182326	0.901340504
hsa-miR-203a	-0.175068188	0.847026135	0.902027832
hsa-miR-23a-3p	-0.093656397	0.852565613	0.905574874
hsa-miR-190a-5p	0.148525813	0.858659272	0.908659766
hsa-miR-345-5p	-0.092616379	0.859902413	0.908659766
hsa-miR-296-3p	0.141733904	0.863684961	0.910310628
hsa-miR-877-5p	-0.112085128	0.870485327	0.914215799
hsa-miR-222-3p	0.110353984	0.871849701	0.914215799
hsa-miR-484	-0.091260243	0.875578285	0.91578341
hsa-miR-340-3p	0.101920032	0.887389274	0.925706371
hsa-miR-98-3p	0.108982568	0.889581244	0.925706371
hsa-miR-181a-2-3p	-0.096208971	0.892715606	0.926616199
hsa-miR-641	0.122378445	0.895858109	0.927529861
hsa-miR-27b-3p	-0.085249813	0.901591885	0.930719421
hsa-miR-1277-3p	0.120187198	0.903478853	0.930719421
hsa-miR-500a-5p	-0.075533512	0.919196732	0.944537995
hsa-miR-186-5p	-0.058918541	0.922585832	0.945650477
hsa-miR-548aa	0.071495496	0.93413521	0.955100838
hsa-miR-24-1-5p	-0.052574779	0.939405987	0.958100633
hsa-let-7d-5p	0.038164213	0.95040618	0.966914476
hsa-miR-660-3p	0.034336045	0.958881269	0.96987427
hsa-miR-330-3p	0.034329402	0.960391146	0.96987427
hsa-miR-30c-5p	0.026482449	0.960412082	0.96987427
hsa-let-7f-5p	0.03052599	0.963292534	0.97039297
hsa-miR-642a-5p	-0.045957057	0.970310309	0.974425404
hsa-miR-1307-3p	-0.021119433	0.972279484	0.974425404
hsa-miR-625-5p	-0.018037876	0.974425404	0.974425404
